0 0.0001 7.5 7.5 15.0 15.0
1 0.0001 7.5 22.5 15.0 15.0
2 0.0001 7.5 37.5 15.0 15.0
3 0.0001 7.5 52.5 15.0 15.0
4 0.0001 7.5 67.5 15.0 15.0
5 0.0001 7.5 82.5 15.0 15.0
6 0.0001 7.5 97.5 15.0 15.0
7 0.0001 7.5 112.5 15.0 15.0
8 0.0001 7.5 127.5 15.0 15.0
9 0.0001 7.5 142.5 15.0 15.0
10 0.0001 7.5 157.5 15.0 15.0
11 0.0001 7.5 172.5 15.0 15.0
12 0.0001 7.5 187.5 15.0 15.0
13 0.0001 7.5 202.5 15.0 15.0
14 0.0001 7.5 217.5 15.0 15.0
15 0.0001 7.5 232.5 15.0 15.0
16 0.0001 7.5 247.5 15.0 15.0
17 0.0001 7.5 262.5 15.0 15.0
18 0.0001 7.5 277.5 15.0 15.0
19 0.0001 7.5 292.5 15.0 15.0
20 0.0001 7.5 307.5 15.0 15.0
21 0.0001 7.5 322.5 15.0 15.0
22 0.0001 7.5 337.5 15.0 15.0
23 0.0001 7.5 352.5 15.0 15.0
24 0.0001 22.5 7.5 15.0 15.0
25 0.0001 22.5 22.5 15.0 15.0
26 0.0001 22.5 37.5 15.0 15.0
27 0.0001 22.5 52.5 15.0 15.0
28 0.0001 22.5 67.5 15.0 15.0
29 0.0001 22.5 82.5 15.0 15.0
30 0.0001 22.5 97.5 15.0 15.0
31 0.0001 22.5 112.5 15.0 15.0
32 0.0001 22.5 127.5 15.0 15.0
33 0.0001 22.5 142.5 15.0 15.0
34 0.0001 22.5 157.5 15.0 15.0
35 0.0001 22.5 172.5 15.0 15.0
36 0.0001 22.5 187.5 15.0 15.0
37 0.0001 22.5 202.5 15.0 15.0
38 0.0001 22.5 217.5 15.0 15.0
39 0.0001 22.5 232.5 15.0 15.0
40 0.0001 22.5 247.5 15.0 15.0
41 0.0001 22.5 262.5 15.0 15.0
42 0.0001 22.5 277.5 15.0 15.0
43 0.0001 22.5 292.5 15.0 15.0
44 0.0001 22.5 307.5 15.0 15.0
45 0.0001 22.5 322.5 15.0 15.0
46 0.0001 22.5 337.5 15.0 15.0
47 0.0001 22.5 352.5 15.0 15.0
48 0.0001 37.5 7.5 15.0 15.0
49 0.0001 37.5 22.5 15.0 15.0
50 0.0001 37.5 37.5 15.0 15.0
51 0.0001 37.5 52.5 15.0 15.0
52 0.0001 37.5 67.5 15.0 15.0
53 0.0001 37.5 82.5 15.0 15.0
54 0.0001 37.5 97.5 15.0 15.0
55 0.0001 37.5 112.5 15.0 15.0
56 0.0001 37.5 127.5 15.0 15.0
57 0.0001 37.5 142.5 15.0 15.0
58 0.0001 37.5 157.5 15.0 15.0
59 0.0001 37.5 172.5 15.0 15.0
60 0.0001 37.5 187.5 15.0 15.0
61 0.0001 37.5 202.5 15.0 15.0
62 0.0001 37.5 217.5 15.0 15.0
63 0.0001 37.5 232.5 15.0 15.0
64 0.0001 37.5 247.5 15.0 15.0
65 0.0001 37.5 262.5 15.0 15.0
66 0.0001 37.5 277.5 15.0 15.0
67 0.0001 37.5 292.5 15.0 15.0
68 0.0001 37.5 307.5 15.0 15.0
69 0.0001 37.5 322.5 15.0 15.0
70 0.0001 37.5 337.5 15.0 15.0
71 0.0001 37.5 352.5 15.0 15.0
72 0.0001 52.5 7.5 15.0 15.0
73 0.0001 52.5 22.5 15.0 15.0
74 0.0001 52.5 37.5 15.0 15.0
75 0.0001 52.5 52.5 15.0 15.0
76 0.0001 52.5 67.5 15.0 15.0
77 0.0001 52.5 82.5 15.0 15.0
78 0.0001 52.5 97.5 15.0 15.0
79 0.0001 52.5 112.5 15.0 15.0
80 0.0001 52.5 127.5 15.0 15.0
81 0.0001 52.5 142.5 15.0 15.0
82 0.0001 52.5 157.5 15.0 15.0
83 0.0001 52.5 172.5 15.0 15.0
84 0.0001 52.5 187.5 15.0 15.0
85 0.0001 52.5 202.5 15.0 15.0
86 0.0001 52.5 217.5 15.0 15.0
87 0.0001 52.5 232.5 15.0 15.0
88 0.0001 52.5 247.5 15.0 15.0
89 0.0001 52.5 262.5 15.0 15.0
90 0.0001 52.5 277.5 15.0 15.0
91 0.0001 52.5 292.5 15.0 15.0
92 0.0001 52.5 307.5 15.0 15.0
93 0.0001 52.5 322.5 15.0 15.0
94 0.0001 52.5 337.5 15.0 15.0
95 0.0001 52.5 352.5 15.0 15.0
96 0.0001 67.5 7.5 15.0 15.0
97 0.0001 67.5 22.5 15.0 15.0
98 0.0001 67.5 37.5 15.0 15.0
99 0.0001 67.5 52.5 15.0 15.0
100 0.0001 67.5 67.5 15.0 15.0
101 0.0001 67.5 82.5 15.0 15.0
102 0.0001 67.5 97.5 15.0 15.0
103 0.0001 67.5 112.5 15.0 15.0
104 0.0001 67.5 127.5 15.0 15.0
105 0.0001 67.5 142.5 15.0 15.0
106 0.0001 67.5 157.5 15.0 15.0
107 0.0001 67.5 172.5 15.0 15.0
108 0.0001 67.5 187.5 15.0 15.0
109 0.0001 67.5 202.5 15.0 15.0
110 0.0001 67.5 217.5 15.0 15.0
111 0.0001 67.5 232.5 15.0 15.0
112 0.0001 67.5 247.5 15.0 15.0
113 0.0001 67.5 262.5 15.0 15.0
114 0.0001 67.5 277.5 15.0 15.0
115 0.0001 67.5 292.5 15.0 15.0
116 0.0001 67.5 307.5 15.0 15.0
117 0.0001 67.5 322.5 15.0 15.0
118 0.0001 67.5 337.5 15.0 15.0
119 0.0001 67.5 352.5 15.0 15.0
120 0.0001 82.5 7.5 15.0 15.0
121 0.0001 82.5 22.5 15.0 15.0
122 0.0001 82.5 37.5 15.0 15.0
123 0.0001 82.5 52.5 15.0 15.0
124 0.0001 82.5 67.5 15.0 15.0
125 0.0001 82.5 82.5 15.0 15.0
126 0.0001 82.5 97.5 15.0 15.0
127 0.0001 82.5 112.5 15.0 15.0
128 0.0001 82.5 127.5 15.0 15.0
129 0.0001 82.5 142.5 15.0 15.0
130 0.0001 82.5 157.5 15.0 15.0
131 0.0001 82.5 172.5 15.0 15.0
132 0.0001 82.5 187.5 15.0 15.0
133 0.0001 82.5 202.5 15.0 15.0
134 0.0001 82.5 217.5 15.0 15.0
135 0.0001 82.5 232.5 15.0 15.0
136 0.0001 82.5 247.5 15.0 15.0
137 0.0001 82.5 262.5 15.0 15.0
138 0.0001 82.5 277.5 15.0 15.0
139 0.0001 82.5 292.5 15.0 15.0
140 0.0001 82.5 307.5 15.0 15.0
141 0.0001 82.5 322.5 15.0 15.0
142 0.0001 82.5 337.5 15.0 15.0
143 0.0001 82.5 352.5 15.0 15.0
144 0.0001 97.5 7.5 15.0 15.0
145 0.0001 97.5 22.5 15.0 15.0
146 0.0001 97.5 37.5 15.0 15.0
147 0.0001 97.5 52.5 15.0 15.0
148 0.0001 97.5 67.5 15.0 15.0
149 0.0001 97.5 82.5 15.0 15.0
150 0.0001 97.5 97.5 15.0 15.0
151 0.0001 97.5 112.5 15.0 15.0
152 0.0001 97.5 127.5 15.0 15.0
153 0.0001 97.5 142.5 15.0 15.0
154 0.0001 97.5 157.5 15.0 15.0
155 0.0001 97.5 172.5 15.0 15.0
156 0.0001 97.5 187.5 15.0 15.0
157 0.0001 97.5 202.5 15.0 15.0
158 0.0001 97.5 217.5 15.0 15.0
159 0.0001 97.5 232.5 15.0 15.0
160 0.0001 97.5 247.5 15.0 15.0
161 0.0001 97.5 262.5 15.0 15.0
162 0.0001 97.5 277.5 15.0 15.0
163 0.0001 97.5 292.5 15.0 15.0
164 0.0001 97.5 307.5 15.0 15.0
165 0.0001 97.5 322.5 15.0 15.0
166 0.0001 97.5 337.5 15.0 15.0
167 0.0001 97.5 352.5 15.0 15.0
168 0.0001 112.5 7.5 15.0 15.0
169 0.0001 112.5 22.5 15.0 15.0
170 0.0001 112.5 37.5 15.0 15.0
171 0.0001 112.5 52.5 15.0 15.0
172 0.0001 112.5 67.5 15.0 15.0
173 0.0001 112.5 82.5 15.0 15.0
174 0.0001 112.5 97.5 15.0 15.0
175 0.0001 112.5 112.5 15.0 15.0
176 0.0001 112.5 127.5 15.0 15.0
177 0.0001 112.5 142.5 15.0 15.0
178 0.0001 112.5 157.5 15.0 15.0
179 0.0001 112.5 172.5 15.0 15.0
180 0.0001 112.5 187.5 15.0 15.0
181 0.0001 112.5 202.5 15.0 15.0
182 0.0001 112.5 217.5 15.0 15.0
183 0.0001 112.5 232.5 15.0 15.0
184 0.0001 112.5 247.5 15.0 15.0
185 0.0001 112.5 262.5 15.0 15.0
186 0.0001 112.5 277.5 15.0 15.0
187 0.0001 112.5 292.5 15.0 15.0
188 0.0001 112.5 307.5 15.0 15.0
189 0.0001 112.5 322.5 15.0 15.0
190 0.0001 112.5 337.5 15.0 15.0
191 0.0001 112.5 352.5 15.0 15.0
192 0.0001 127.5 7.5 15.0 15.0
193 0.0001 127.5 22.5 15.0 15.0
194 0.0001 127.5 37.5 15.0 15.0
195 0.0001 127.5 52.5 15.0 15.0
196 0.0001 127.5 67.5 15.0 15.0
197 0.0001 127.5 82.5 15.0 15.0
198 0.0001 127.5 97.5 15.0 15.0
199 0.0001 127.5 112.5 15.0 15.0
200 0.0001 127.5 127.5 15.0 15.0
201 0.0001 127.5 142.5 15.0 15.0
202 0.0001 127.5 157.5 15.0 15.0
203 0.0001 127.5 172.5 15.0 15.0
204 0.0001 127.5 187.5 15.0 15.0
205 0.0001 127.5 202.5 15.0 15.0
206 0.0001 127.5 217.5 15.0 15.0
207 0.0001 127.5 232.5 15.0 15.0
208 0.0001 127.5 247.5 15.0 15.0
209 0.0001 127.5 262.5 15.0 15.0
210 0.0001 127.5 277.5 15.0 15.0
211 0.0001 127.5 292.5 15.0 15.0
212 0.0001 127.5 307.5 15.0 15.0
213 0.0001 127.5 322.5 15.0 15.0
214 0.0001 127.5 337.5 15.0 15.0
215 0.0001 127.5 352.5 15.0 15.0
216 0.0001 142.5 7.5 15.0 15.0
217 0.0001 142.5 22.5 15.0 15.0
218 0.0001 142.5 37.5 15.0 15.0
219 0.0001 142.5 52.5 15.0 15.0
220 0.0001 142.5 67.5 15.0 15.0
221 0.0001 142.5 82.5 15.0 15.0
222 0.0001 142.5 97.5 15.0 15.0
223 0.0001 142.5 112.5 15.0 15.0
224 0.0001 142.5 127.5 15.0 15.0
225 0.0001 142.5 142.5 15.0 15.0
226 0.0001 142.5 157.5 15.0 15.0
227 0.0001 142.5 172.5 15.0 15.0
228 0.0001 142.5 187.5 15.0 15.0
229 0.0001 142.5 202.5 15.0 15.0
230 0.0001 142.5 217.5 15.0 15.0
231 0.0001 142.5 232.5 15.0 15.0
232 0.0001 142.5 247.5 15.0 15.0
233 0.0001 142.5 262.5 15.0 15.0
234 0.0001 142.5 277.5 15.0 15.0
235 0.0001 142.5 292.5 15.0 15.0
236 0.0001 142.5 307.5 15.0 15.0
237 0.0001 142.5 322.5 15.0 15.0
238 0.0001 142.5 337.5 15.0 15.0
239 0.0001 142.5 352.5 15.0 15.0
240 0.0001 157.5 7.5 15.0 15.0
241 0.0001 157.5 22.5 15.0 15.0
242 0.0001 157.5 37.5 15.0 15.0
243 0.0001 157.5 52.5 15.0 15.0
244 0.0001 157.5 67.5 15.0 15.0
245 0.0001 157.5 82.5 15.0 15.0
246 0.0001 157.5 97.5 15.0 15.0
247 0.0001 157.5 112.5 15.0 15.0
248 0.0001 157.5 127.5 15.0 15.0
249 0.0001 157.5 142.5 15.0 15.0
250 0.0001 157.5 157.5 15.0 15.0
251 0.0001 157.5 172.5 15.0 15.0
252 0.0001 157.5 187.5 15.0 15.0
253 0.0001 157.5 202.5 15.0 15.0
254 0.0001 157.5 217.5 15.0 15.0
255 0.0001 157.5 232.5 15.0 15.0
256 0.0001 157.5 247.5 15.0 15.0
257 0.0001 157.5 262.5 15.0 15.0
258 0.0001 157.5 277.5 15.0 15.0
259 0.0001 157.5 292.5 15.0 15.0
260 0.0001 157.5 307.5 15.0 15.0
261 0.0001 157.5 322.5 15.0 15.0
262 0.0001 157.5 337.5 15.0 15.0
263 0.0001 157.5 352.5 15.0 15.0
264 0.0001 172.5 7.5 15.0 15.0
265 0.0001 172.5 22.5 15.0 15.0
266 0.0001 172.5 37.5 15.0 15.0
267 0.0001 172.5 52.5 15.0 15.0
268 0.0001 172.5 67.5 15.0 15.0
269 0.0001 172.5 82.5 15.0 15.0
270 0.0001 172.5 97.5 15.0 15.0
271 0.0001 172.5 112.5 15.0 15.0
272 0.0001 172.5 127.5 15.0 15.0
273 0.0001 172.5 142.5 15.0 15.0
274 0.0001 172.5 157.5 15.0 15.0
275 0.0001 172.5 172.5 15.0 15.0
276 0.0001 172.5 187.5 15.0 15.0
277 0.0001 172.5 202.5 15.0 15.0
278 0.0001 172.5 217.5 15.0 15.0
279 0.0001 172.5 232.5 15.0 15.0
280 0.0001 172.5 247.5 15.0 15.0
281 0.0001 172.5 262.5 15.0 15.0
282 0.0001 172.5 277.5 15.0 15.0
283 0.0001 172.5 292.5 15.0 15.0
284 0.0001 172.5 307.5 15.0 15.0
285 0.0001 172.5 322.5 15.0 15.0
286 0.0001 172.5 337.5 15.0 15.0
287 0.0001 172.5 352.5 15.0 15.0
288 0.0001 187.5 7.5 15.0 15.0
289 0.0001 187.5 22.5 15.0 15.0
290 0.0001 187.5 37.5 15.0 15.0
291 0.0001 187.5 52.5 15.0 15.0
292 0.0001 187.5 67.5 15.0 15.0
293 0.0001 187.5 82.5 15.0 15.0
294 0.0001 187.5 97.5 15.0 15.0
295 0.0001 187.5 112.5 15.0 15.0
296 0.0001 187.5 127.5 15.0 15.0
297 0.0001 187.5 142.5 15.0 15.0
298 0.0001 187.5 157.5 15.0 15.0
299 0.0001 187.5 172.5 15.0 15.0
300 0.0001 187.5 187.5 15.0 15.0
301 0.0001 187.5 202.5 15.0 15.0
302 0.0001 187.5 217.5 15.0 15.0
303 0.0001 187.5 232.5 15.0 15.0
304 0.0001 187.5 247.5 15.0 15.0
305 0.0001 187.5 262.5 15.0 15.0
306 0.0001 187.5 277.5 15.0 15.0
307 0.0001 187.5 292.5 15.0 15.0
308 0.0001 187.5 307.5 15.0 15.0
309 0.0001 187.5 322.5 15.0 15.0
310 0.0001 187.5 337.5 15.0 15.0
311 0.0001 187.5 352.5 15.0 15.0
312 0.0001 202.5 7.5 15.0 15.0
313 0.0001 202.5 22.5 15.0 15.0
314 0.0001 202.5 37.5 15.0 15.0
315 0.0001 202.5 52.5 15.0 15.0
316 0.0001 202.5 67.5 15.0 15.0
317 0.0001 202.5 82.5 15.0 15.0
318 0.0001 202.5 97.5 15.0 15.0
319 0.0001 202.5 112.5 15.0 15.0
320 0.0001 202.5 127.5 15.0 15.0
321 0.0001 202.5 142.5 15.0 15.0
322 0.0001 202.5 157.5 15.0 15.0
323 0.0001 202.5 172.5 15.0 15.0
324 0.0001 202.5 187.5 15.0 15.0
325 0.0001 202.5 202.5 15.0 15.0
326 0.0001 202.5 217.5 15.0 15.0
327 0.0001 202.5 232.5 15.0 15.0
328 0.0001 202.5 247.5 15.0 15.0
329 0.0001 202.5 262.5 15.0 15.0
330 0.0001 202.5 277.5 15.0 15.0
331 0.0001 202.5 292.5 15.0 15.0
332 0.0001 202.5 307.5 15.0 15.0
333 0.0001 202.5 322.5 15.0 15.0
334 0.0001 202.5 337.5 15.0 15.0
335 0.0001 202.5 352.5 15.0 15.0
336 0.0001 217.5 7.5 15.0 15.0
337 0.0001 217.5 22.5 15.0 15.0
338 0.0001 217.5 37.5 15.0 15.0
339 0.0001 217.5 52.5 15.0 15.0
340 0.0001 217.5 67.5 15.0 15.0
341 0.0001 217.5 82.5 15.0 15.0
342 0.0001 217.5 97.5 15.0 15.0
343 0.0001 217.5 112.5 15.0 15.0
344 0.0001 217.5 127.5 15.0 15.0
345 0.0001 217.5 142.5 15.0 15.0
346 0.0001 217.5 157.5 15.0 15.0
347 0.0001 217.5 172.5 15.0 15.0
348 0.0001 217.5 187.5 15.0 15.0
349 0.0001 217.5 202.5 15.0 15.0
350 0.0001 217.5 217.5 15.0 15.0
351 0.0001 217.5 232.5 15.0 15.0
352 0.0001 217.5 247.5 15.0 15.0
353 0.0001 217.5 262.5 15.0 15.0
354 0.0001 217.5 277.5 15.0 15.0
355 0.0001 217.5 292.5 15.0 15.0
356 0.0001 217.5 307.5 15.0 15.0
357 0.0001 217.5 322.5 15.0 15.0
358 0.0001 217.5 337.5 15.0 15.0
359 0.0001 217.5 352.5 15.0 15.0
360 0.0001 232.5 7.5 15.0 15.0
361 0.0001 232.5 22.5 15.0 15.0
362 0.0001 232.5 37.5 15.0 15.0
363 0.0001 232.5 52.5 15.0 15.0
364 0.0001 232.5 67.5 15.0 15.0
365 0.0001 232.5 82.5 15.0 15.0
366 0.0001 232.5 97.5 15.0 15.0
367 0.0001 232.5 112.5 15.0 15.0
368 0.0001 232.5 127.5 15.0 15.0
369 0.0001 232.5 142.5 15.0 15.0
370 0.0001 232.5 157.5 15.0 15.0
371 0.0001 232.5 172.5 15.0 15.0
372 0.0001 232.5 187.5 15.0 15.0
373 0.0001 232.5 202.5 15.0 15.0
374 0.0001 232.5 217.5 15.0 15.0
375 0.0001 232.5 232.5 15.0 15.0
376 0.0001 232.5 247.5 15.0 15.0
377 0.0001 232.5 262.5 15.0 15.0
378 0.0001 232.5 277.5 15.0 15.0
379 0.0001 232.5 292.5 15.0 15.0
380 0.0001 232.5 307.5 15.0 15.0
381 0.0001 232.5 322.5 15.0 15.0
382 0.0001 232.5 337.5 15.0 15.0
383 0.0001 232.5 352.5 15.0 15.0
384 0.0001 247.5 7.5 15.0 15.0
385 0.0001 247.5 22.5 15.0 15.0
386 0.0001 247.5 37.5 15.0 15.0
387 0.0001 247.5 52.5 15.0 15.0
388 0.0001 247.5 67.5 15.0 15.0
389 0.0001 247.5 82.5 15.0 15.0
390 0.0001 247.5 97.5 15.0 15.0
391 0.0001 247.5 112.5 15.0 15.0
392 0.0001 247.5 127.5 15.0 15.0
393 0.0001 247.5 142.5 15.0 15.0
394 0.0001 247.5 157.5 15.0 15.0
395 0.0001 247.5 172.5 15.0 15.0
396 0.0001 247.5 187.5 15.0 15.0
397 0.0001 247.5 202.5 15.0 15.0
398 0.0001 247.5 217.5 15.0 15.0
399 0.0001 247.5 232.5 15.0 15.0
400 0.0001 247.5 247.5 15.0 15.0
401 0.0001 247.5 262.5 15.0 15.0
402 0.0001 247.5 277.5 15.0 15.0
403 0.0001 247.5 292.5 15.0 15.0
404 0.0001 247.5 307.5 15.0 15.0
405 0.0001 247.5 322.5 15.0 15.0
406 0.0001 247.5 337.5 15.0 15.0
407 0.0001 247.5 352.5 15.0 15.0
408 0.0001 262.5 7.5 15.0 15.0
409 0.0001 262.5 22.5 15.0 15.0
410 0.0001 262.5 37.5 15.0 15.0
411 0.0001 262.5 52.5 15.0 15.0
412 0.0001 262.5 67.5 15.0 15.0
413 0.0001 262.5 82.5 15.0 15.0
414 0.0001 262.5 97.5 15.0 15.0
415 0.0001 262.5 112.5 15.0 15.0
416 0.0001 262.5 127.5 15.0 15.0
417 0.0001 262.5 142.5 15.0 15.0
418 0.0001 262.5 157.5 15.0 15.0
419 0.0001 262.5 172.5 15.0 15.0
420 0.0001 262.5 187.5 15.0 15.0
421 0.0001 262.5 202.5 15.0 15.0
422 0.0001 262.5 217.5 15.0 15.0
423 0.0001 262.5 232.5 15.0 15.0
424 0.0001 262.5 247.5 15.0 15.0
425 0.0001 262.5 262.5 15.0 15.0
426 0.0001 262.5 277.5 15.0 15.0
427 0.0001 262.5 292.5 15.0 15.0
428 0.0001 262.5 307.5 15.0 15.0
429 0.0001 262.5 322.5 15.0 15.0
430 0.0001 262.5 337.5 15.0 15.0
431 0.0001 262.5 352.5 15.0 15.0
432 0.0001 277.5 7.5 15.0 15.0
433 0.0001 277.5 22.5 15.0 15.0
434 0.0001 277.5 37.5 15.0 15.0
435 0.0001 277.5 52.5 15.0 15.0
436 0.0001 277.5 67.5 15.0 15.0
437 0.0001 277.5 82.5 15.0 15.0
438 0.0001 277.5 97.5 15.0 15.0
439 0.0001 277.5 112.5 15.0 15.0
440 0.0001 277.5 127.5 15.0 15.0
441 0.0001 277.5 142.5 15.0 15.0
442 0.0001 277.5 157.5 15.0 15.0
443 0.0001 277.5 172.5 15.0 15.0
444 0.0001 277.5 187.5 15.0 15.0
445 0.0001 277.5 202.5 15.0 15.0
446 0.0001 277.5 217.5 15.0 15.0
447 0.0001 277.5 232.5 15.0 15.0
448 0.0001 277.5 247.5 15.0 15.0
449 0.0001 277.5 262.5 15.0 15.0
450 0.0001 277.5 277.5 15.0 15.0
451 0.0001 277.5 292.5 15.0 15.0
452 0.0001 277.5 307.5 15.0 15.0
453 0.0001 277.5 322.5 15.0 15.0
454 0.0001 277.5 337.5 15.0 15.0
455 0.0001 277.5 352.5 15.0 15.0
456 0.0001 292.5 7.5 15.0 15.0
457 0.0001 292.5 22.5 15.0 15.0
458 0.0001 292.5 37.5 15.0 15.0
459 0.0001 292.5 52.5 15.0 15.0
460 0.0001 292.5 67.5 15.0 15.0
461 0.0001 292.5 82.5 15.0 15.0
462 0.0001 292.5 97.5 15.0 15.0
463 0.0001 292.5 112.5 15.0 15.0
464 0.0001 292.5 127.5 15.0 15.0
465 0.0001 292.5 142.5 15.0 15.0
466 0.0001 292.5 157.5 15.0 15.0
467 0.0001 292.5 172.5 15.0 15.0
468 0.0001 292.5 187.5 15.0 15.0
469 0.0001 292.5 202.5 15.0 15.0
470 0.0001 292.5 217.5 15.0 15.0
471 0.0001 292.5 232.5 15.0 15.0
472 0.0001 292.5 247.5 15.0 15.0
473 0.0001 292.5 262.5 15.0 15.0
474 0.0001 292.5 277.5 15.0 15.0
475 0.0001 292.5 292.5 15.0 15.0
476 0.0001 292.5 307.5 15.0 15.0
477 0.0001 292.5 322.5 15.0 15.0
478 0.0001 292.5 337.5 15.0 15.0
479 0.0001 292.5 352.5 15.0 15.0
480 0.0001 307.5 7.5 15.0 15.0
481 0.0001 307.5 22.5 15.0 15.0
482 0.0001 307.5 37.5 15.0 15.0
483 0.0001 307.5 52.5 15.0 15.0
484 0.0001 307.5 67.5 15.0 15.0
485 0.0001 307.5 82.5 15.0 15.0
486 0.0001 307.5 97.5 15.0 15.0
487 0.0001 307.5 112.5 15.0 15.0
488 0.0001 307.5 127.5 15.0 15.0
489 0.0001 307.5 142.5 15.0 15.0
490 0.0001 307.5 157.5 15.0 15.0
491 0.0001 307.5 172.5 15.0 15.0
492 0.0001 307.5 187.5 15.0 15.0
493 0.0001 307.5 202.5 15.0 15.0
494 0.0001 307.5 217.5 15.0 15.0
495 0.0001 307.5 232.5 15.0 15.0
496 0.0001 307.5 247.5 15.0 15.0
497 0.0001 307.5 262.5 15.0 15.0
498 0.0001 307.5 277.5 15.0 15.0
499 0.0001 307.5 292.5 15.0 15.0
500 0.0001 307.5 307.5 15.0 15.0
501 0.0001 307.5 322.5 15.0 15.0
502 0.0001 307.5 337.5 15.0 15.0
503 0.0001 307.5 352.5 15.0 15.0
504 0.0001 322.5 7.5 15.0 15.0
505 0.0001 322.5 22.5 15.0 15.0
506 0.0001 322.5 37.5 15.0 15.0
507 0.0001 322.5 52.5 15.0 15.0
508 0.0001 322.5 67.5 15.0 15.0
509 0.0001 322.5 82.5 15.0 15.0
510 0.0001 322.5 97.5 15.0 15.0
511 0.0001 322.5 112.5 15.0 15.0
512 0.0001 322.5 127.5 15.0 15.0
513 0.0001 322.5 142.5 15.0 15.0
514 0.0001 322.5 157.5 15.0 15.0
515 0.0001 322.5 172.5 15.0 15.0
516 0.0001 322.5 187.5 15.0 15.0
517 0.0001 322.5 202.5 15.0 15.0
518 0.0001 322.5 217.5 15.0 15.0
519 0.0001 322.5 232.5 15.0 15.0
520 0.0001 322.5 247.5 15.0 15.0
521 0.0001 322.5 262.5 15.0 15.0
522 0.0001 322.5 277.5 15.0 15.0
523 0.0001 322.5 292.5 15.0 15.0
524 0.0001 322.5 307.5 15.0 15.0
525 0.0001 322.5 322.5 15.0 15.0
526 0.0001 322.5 337.5 15.0 15.0
527 0.0001 322.5 352.5 15.0 15.0
528 0.0001 337.5 7.5 15.0 15.0
529 0.0001 337.5 22.5 15.0 15.0
530 0.0001 337.5 37.5 15.0 15.0
531 0.0001 337.5 52.5 15.0 15.0
532 0.0001 337.5 67.5 15.0 15.0
533 0.0001 337.5 82.5 15.0 15.0
534 0.0001 337.5 97.5 15.0 15.0
535 0.0001 337.5 112.5 15.0 15.0
536 0.0001 337.5 127.5 15.0 15.0
537 0.0001 337.5 142.5 15.0 15.0
538 0.0001 337.5 157.5 15.0 15.0
539 0.0001 337.5 172.5 15.0 15.0
540 0.0001 337.5 187.5 15.0 15.0
541 0.0001 337.5 202.5 15.0 15.0
542 0.0001 337.5 217.5 15.0 15.0
543 0.0001 337.5 232.5 15.0 15.0
544 0.0001 337.5 247.5 15.0 15.0
545 0.0001 337.5 262.5 15.0 15.0
546 0.0001 337.5 277.5 15.0 15.0
547 0.0001 337.5 292.5 15.0 15.0
548 0.0001 337.5 307.5 15.0 15.0
549 0.0001 337.5 322.5 15.0 15.0
550 0.0001 337.5 337.5 15.0 15.0
551 0.0001 337.5 352.5 15.0 15.0
552 0.0001 352.5 7.5 15.0 15.0
553 0.0001 352.5 22.5 15.0 15.0
554 0.0001 352.5 37.5 15.0 15.0
555 0.0001 352.5 52.5 15.0 15.0
556 0.0001 352.5 67.5 15.0 15.0
557 0.0001 352.5 82.5 15.0 15.0
558 0.0001 352.5 97.5 15.0 15.0
559 0.0001 352.5 112.5 15.0 15.0
560 0.0001 352.5 127.5 15.0 15.0
561 0.0001 352.5 142.5 15.0 15.0
562 0.0001 352.5 157.5 15.0 15.0
563 0.0001 352.5 172.5 15.0 15.0
564 0.0001 352.5 187.5 15.0 15.0
565 0.0001 352.5 202.5 15.0 15.0
566 0.0001 352.5 217.5 15.0 15.0
567 0.0001 352.5 232.5 15.0 15.0
568 0.0001 352.5 247.5 15.0 15.0
569 0.0001 352.5 262.5 15.0 15.0
570 0.0001 352.5 277.5 15.0 15.0
571 0.0001 352.5 292.5 15.0 15.0
572 0.0001 352.5 307.5 15.0 15.0
573 0.0001 352.5 322.5 15.0 15.0
574 0.0001 352.5 337.5 15.0 15.0
575 0.0001 352.5 352.5 15.0 15.0
576 0.0001 367.5 7.5 15.0 15.0
577 0.0001 367.5 22.5 15.0 15.0
578 0.0001 367.5 37.5 15.0 15.0
579 0.0001 367.5 52.5 15.0 15.0
580 0.0001 367.5 67.5 15.0 15.0
581 0.0001 367.5 82.5 15.0 15.0
582 0.0001 367.5 97.5 15.0 15.0
583 0.0001 367.5 112.5 15.0 15.0
584 0.0001 367.5 127.5 15.0 15.0
585 0.0001 367.5 142.5 15.0 15.0
586 0.0001 367.5 157.5 15.0 15.0
587 0.0001 367.5 172.5 15.0 15.0
588 0.0001 367.5 187.5 15.0 15.0
589 0.0001 367.5 202.5 15.0 15.0
590 0.0001 367.5 217.5 15.0 15.0
591 0.0001 367.5 232.5 15.0 15.0
592 0.0001 367.5 247.5 15.0 15.0
593 0.0001 367.5 262.5 15.0 15.0
594 0.0001 367.5 277.5 15.0 15.0
595 0.0001 367.5 292.5 15.0 15.0
596 0.0001 367.5 307.5 15.0 15.0
597 0.0001 367.5 322.5 15.0 15.0
598 0.0001 367.5 337.5 15.0 15.0
599 0.0001 367.5 352.5 15.0 15.0
600 0.0001 382.5 7.5 15.0 15.0
601 0.0001 382.5 22.5 15.0 15.0
602 0.0001 382.5 37.5 15.0 15.0
603 0.0001 382.5 52.5 15.0 15.0
604 0.0001 382.5 67.5 15.0 15.0
605 0.0001 382.5 82.5 15.0 15.0
606 0.0001 382.5 97.5 15.0 15.0
607 0.0001 382.5 112.5 15.0 15.0
608 0.0001 382.5 127.5 15.0 15.0
609 0.0001 382.5 142.5 15.0 15.0
610 0.0001 382.5 157.5 15.0 15.0
611 0.0001 382.5 172.5 15.0 15.0
612 0.0001 382.5 187.5 15.0 15.0
613 0.0001 382.5 202.5 15.0 15.0
614 0.0001 382.5 217.5 15.0 15.0
615 0.0001 382.5 232.5 15.0 15.0
616 0.0001 382.5 247.5 15.0 15.0
617 0.0001 382.5 262.5 15.0 15.0
618 0.0001 382.5 277.5 15.0 15.0
619 0.0001 382.5 292.5 15.0 15.0
620 0.0001 382.5 307.5 15.0 15.0
621 0.0001 382.5 322.5 15.0 15.0
622 0.0001 382.5 337.5 15.0 15.0
623 0.0001 382.5 352.5 15.0 15.0
624 0.0001 397.5 7.5 15.0 15.0
625 0.0001 397.5 22.5 15.0 15.0
626 0.0001 397.5 37.5 15.0 15.0
627 0.0001 397.5 52.5 15.0 15.0
628 0.0001 397.5 67.5 15.0 15.0
629 0.0001 397.5 82.5 15.0 15.0
630 0.0001 397.5 97.5 15.0 15.0
631 0.0001 397.5 112.5 15.0 15.0
632 0.0001 397.5 127.5 15.0 15.0
633 0.0001 397.5 142.5 15.0 15.0
634 0.0001 397.5 157.5 15.0 15.0
635 0.0001 397.5 172.5 15.0 15.0
636 0.0001 397.5 187.5 15.0 15.0
637 0.0001 397.5 202.5 15.0 15.0
638 0.0001 397.5 217.5 15.0 15.0
639 0.0001 397.5 232.5 15.0 15.0
640 0.0001 397.5 247.5 15.0 15.0
641 0.0001 397.5 262.5 15.0 15.0
642 0.0001 397.5 277.5 15.0 15.0
643 0.0001 397.5 292.5 15.0 15.0
644 0.0001 397.5 307.5 15.0 15.0
645 0.0001 397.5 322.5 15.0 15.0
646 0.0001 397.5 337.5 15.0 15.0
647 0.0001 397.5 352.5 15.0 15.0
648 0.0001 412.5 7.5 15.0 15.0
649 0.0001 412.5 22.5 15.0 15.0
650 0.0001 412.5 37.5 15.0 15.0
651 0.0001 412.5 52.5 15.0 15.0
652 0.0001 412.5 67.5 15.0 15.0
653 0.0001 412.5 82.5 15.0 15.0
654 0.0001 412.5 97.5 15.0 15.0
655 0.0001 412.5 112.5 15.0 15.0
656 0.0001 412.5 127.5 15.0 15.0
657 0.0001 412.5 142.5 15.0 15.0
658 0.0001 412.5 157.5 15.0 15.0
659 0.0001 412.5 172.5 15.0 15.0
660 0.0001 412.5 187.5 15.0 15.0
661 0.0001 412.5 202.5 15.0 15.0
662 0.0001 412.5 217.5 15.0 15.0
663 0.0001 412.5 232.5 15.0 15.0
664 0.0001 412.5 247.5 15.0 15.0
665 0.0001 412.5 262.5 15.0 15.0
666 0.0001 412.5 277.5 15.0 15.0
667 0.0001 412.5 292.5 15.0 15.0
668 0.0001 412.5 307.5 15.0 15.0
669 0.0001 412.5 322.5 15.0 15.0
670 0.0001 412.5 337.5 15.0 15.0
671 0.0001 412.5 352.5 15.0 15.0
672 0.0001 427.5 7.5 15.0 15.0
673 0.0001 427.5 22.5 15.0 15.0
674 0.0001 427.5 37.5 15.0 15.0
675 0.0001 427.5 52.5 15.0 15.0
676 0.0001 427.5 67.5 15.0 15.0
677 0.0001 427.5 82.5 15.0 15.0
678 0.0001 427.5 97.5 15.0 15.0
679 0.0001 427.5 112.5 15.0 15.0
680 0.0001 427.5 127.5 15.0 15.0
681 0.0001 427.5 142.5 15.0 15.0
682 0.0001 427.5 157.5 15.0 15.0
683 0.0001 427.5 172.5 15.0 15.0
684 0.0001 427.5 187.5 15.0 15.0
685 0.0001 427.5 202.5 15.0 15.0
686 0.0001 427.5 217.5 15.0 15.0
687 0.0001 427.5 232.5 15.0 15.0
688 0.0001 427.5 247.5 15.0 15.0
689 0.0001 427.5 262.5 15.0 15.0
690 0.0001 427.5 277.5 15.0 15.0
691 0.0001 427.5 292.5 15.0 15.0
692 0.0001 427.5 307.5 15.0 15.0
693 0.0001 427.5 322.5 15.0 15.0
694 0.0001 427.5 337.5 15.0 15.0
695 0.0001 427.5 352.5 15.0 15.0
696 0.0001 442.5 7.5 15.0 15.0
697 0.0001 442.5 22.5 15.0 15.0
698 0.0001 442.5 37.5 15.0 15.0
699 0.0001 442.5 52.5 15.0 15.0
700 0.0001 442.5 67.5 15.0 15.0
701 0.0001 442.5 82.5 15.0 15.0
702 0.0001 442.5 97.5 15.0 15.0
703 0.0001 442.5 112.5 15.0 15.0
704 0.0001 442.5 127.5 15.0 15.0
705 0.0001 442.5 142.5 15.0 15.0
706 0.0001 442.5 157.5 15.0 15.0
707 0.0001 442.5 172.5 15.0 15.0
708 0.0001 442.5 187.5 15.0 15.0
709 0.0001 442.5 202.5 15.0 15.0
710 0.0001 442.5 217.5 15.0 15.0
711 0.0001 442.5 232.5 15.0 15.0
712 0.0001 442.5 247.5 15.0 15.0
713 0.0001 442.5 262.5 15.0 15.0
714 0.0001 442.5 277.5 15.0 15.0
715 0.0001 442.5 292.5 15.0 15.0
716 0.0001 442.5 307.5 15.0 15.0
717 0.0001 442.5 322.5 15.0 15.0
718 0.0001 442.5 337.5 15.0 15.0
719 0.0001 442.5 352.5 15.0 15.0
720 0.0001 457.5 7.5 15.0 15.0
721 0.0001 457.5 22.5 15.0 15.0
722 0.0001 457.5 37.5 15.0 15.0
723 0.0001 457.5 52.5 15.0 15.0
724 0.0001 457.5 67.5 15.0 15.0
725 0.0001 457.5 82.5 15.0 15.0
726 0.0001 457.5 97.5 15.0 15.0
727 0.0001 457.5 112.5 15.0 15.0
728 0.0001 457.5 127.5 15.0 15.0
729 0.0001 457.5 142.5 15.0 15.0
730 0.0001 457.5 157.5 15.0 15.0
731 0.0001 457.5 172.5 15.0 15.0
732 0.0001 457.5 187.5 15.0 15.0
733 0.0001 457.5 202.5 15.0 15.0
734 0.0001 457.5 217.5 15.0 15.0
735 0.0001 457.5 232.5 15.0 15.0
736 0.0001 457.5 247.5 15.0 15.0
737 0.0001 457.5 262.5 15.0 15.0
738 0.0001 457.5 277.5 15.0 15.0
739 0.0001 457.5 292.5 15.0 15.0
740 0.0001 457.5 307.5 15.0 15.0
741 0.0001 457.5 322.5 15.0 15.0
742 0.0001 457.5 337.5 15.0 15.0
743 0.0001 457.5 352.5 15.0 15.0
744 0.0001 472.5 7.5 15.0 15.0
745 0.0001 472.5 22.5 15.0 15.0
746 0.0001 472.5 37.5 15.0 15.0
747 0.0001 472.5 52.5 15.0 15.0
748 0.0001 472.5 67.5 15.0 15.0
749 0.0001 472.5 82.5 15.0 15.0
750 0.0001 472.5 97.5 15.0 15.0
751 0.0001 472.5 112.5 15.0 15.0
752 0.0001 472.5 127.5 15.0 15.0
753 0.0001 472.5 142.5 15.0 15.0
754 0.0001 472.5 157.5 15.0 15.0
755 0.0001 472.5 172.5 15.0 15.0
756 0.0001 472.5 187.5 15.0 15.0
757 0.0001 472.5 202.5 15.0 15.0
758 0.0001 472.5 217.5 15.0 15.0
759 0.0001 472.5 232.5 15.0 15.0
760 0.0001 472.5 247.5 15.0 15.0
761 0.0001 472.5 262.5 15.0 15.0
762 0.0001 472.5 277.5 15.0 15.0
763 0.0001 472.5 292.5 15.0 15.0
764 0.0001 472.5 307.5 15.0 15.0
765 0.0001 472.5 322.5 15.0 15.0
766 0.0001 472.5 337.5 15.0 15.0
767 0.0001 472.5 352.5 15.0 15.0
768 0.0001 487.5 7.5 15.0 15.0
769 0.0001 487.5 22.5 15.0 15.0
770 0.0001 487.5 37.5 15.0 15.0
771 0.0001 487.5 52.5 15.0 15.0
772 0.0001 487.5 67.5 15.0 15.0
773 0.0001 487.5 82.5 15.0 15.0
774 0.0001 487.5 97.5 15.0 15.0
775 0.0001 487.5 112.5 15.0 15.0
776 0.0001 487.5 127.5 15.0 15.0
777 0.0001 487.5 142.5 15.0 15.0
778 0.0001 487.5 157.5 15.0 15.0
779 0.0001 487.5 172.5 15.0 15.0
780 0.0001 487.5 187.5 15.0 15.0
781 0.0001 487.5 202.5 15.0 15.0
782 0.0001 487.5 217.5 15.0 15.0
783 0.0001 487.5 232.5 15.0 15.0
784 0.0001 487.5 247.5 15.0 15.0
785 0.0001 487.5 262.5 15.0 15.0
786 0.0001 487.5 277.5 15.0 15.0
787 0.0001 487.5 292.5 15.0 15.0
788 0.0001 487.5 307.5 15.0 15.0
789 0.0001 487.5 322.5 15.0 15.0
790 0.0001 487.5 337.5 15.0 15.0
791 0.0001 487.5 352.5 15.0 15.0
792 0.0001 502.5 7.5 15.0 15.0
793 0.0001 502.5 22.5 15.0 15.0
794 0.0001 502.5 37.5 15.0 15.0
795 0.0001 502.5 52.5 15.0 15.0
796 0.0001 502.5 67.5 15.0 15.0
797 0.0001 502.5 82.5 15.0 15.0
798 0.0001 502.5 97.5 15.0 15.0
799 0.0001 502.5 112.5 15.0 15.0
800 0.0001 502.5 127.5 15.0 15.0
801 0.0001 502.5 142.5 15.0 15.0
802 0.0001 502.5 157.5 15.0 15.0
803 0.0001 502.5 172.5 15.0 15.0
804 0.0001 502.5 187.5 15.0 15.0
805 0.0001 502.5 202.5 15.0 15.0
806 0.0001 502.5 217.5 15.0 15.0
807 0.0001 502.5 232.5 15.0 15.0
808 0.0001 502.5 247.5 15.0 15.0
809 0.0001 502.5 262.5 15.0 15.0
810 0.0001 502.5 277.5 15.0 15.0
811 0.0001 502.5 292.5 15.0 15.0
812 0.0001 502.5 307.5 15.0 15.0
813 0.0001 502.5 322.5 15.0 15.0
814 0.0001 502.5 337.5 15.0 15.0
815 0.0001 502.5 352.5 15.0 15.0
816 0.0001 517.5 7.5 15.0 15.0
817 0.0001 517.5 22.5 15.0 15.0
818 0.0001 517.5 37.5 15.0 15.0
819 0.0001 517.5 52.5 15.0 15.0
820 0.0001 517.5 67.5 15.0 15.0
821 0.0001 517.5 82.5 15.0 15.0
822 0.0001 517.5 97.5 15.0 15.0
823 0.0001 517.5 112.5 15.0 15.0
824 0.0001 517.5 127.5 15.0 15.0
825 0.0001 517.5 142.5 15.0 15.0
826 0.0001 517.5 157.5 15.0 15.0
827 0.0001 517.5 172.5 15.0 15.0
828 0.0001 517.5 187.5 15.0 15.0
829 0.0001 517.5 202.5 15.0 15.0
830 0.0001 517.5 217.5 15.0 15.0
831 0.0001 517.5 232.5 15.0 15.0
832 0.0001 517.5 247.5 15.0 15.0
833 0.0001 517.5 262.5 15.0 15.0
834 0.0001 517.5 277.5 15.0 15.0
835 0.0001 517.5 292.5 15.0 15.0
836 0.0001 517.5 307.5 15.0 15.0
837 0.0001 517.5 322.5 15.0 15.0
838 0.0001 517.5 337.5 15.0 15.0
839 0.0001 517.5 352.5 15.0 15.0
840 0.0001 532.5 7.5 15.0 15.0
841 0.0001 532.5 22.5 15.0 15.0
842 0.0001 532.5 37.5 15.0 15.0
843 0.0001 532.5 52.5 15.0 15.0
844 0.0001 532.5 67.5 15.0 15.0
845 0.0001 532.5 82.5 15.0 15.0
846 0.0001 532.5 97.5 15.0 15.0
847 0.0001 532.5 112.5 15.0 15.0
848 0.0001 532.5 127.5 15.0 15.0
849 0.0001 532.5 142.5 15.0 15.0
850 0.0001 532.5 157.5 15.0 15.0
851 0.0001 532.5 172.5 15.0 15.0
852 0.0001 532.5 187.5 15.0 15.0
853 0.0001 532.5 202.5 15.0 15.0
854 0.0001 532.5 217.5 15.0 15.0
855 0.0001 532.5 232.5 15.0 15.0
856 0.0001 532.5 247.5 15.0 15.0
857 0.0001 532.5 262.5 15.0 15.0
858 0.0001 532.5 277.5 15.0 15.0
859 0.0001 532.5 292.5 15.0 15.0
860 0.0001 532.5 307.5 15.0 15.0
861 0.0001 532.5 322.5 15.0 15.0
862 0.0001 532.5 337.5 15.0 15.0
863 0.0001 532.5 352.5 15.0 15.0
864 0.0001 547.5 7.5 15.0 15.0
865 0.0001 547.5 22.5 15.0 15.0
866 0.0001 547.5 37.5 15.0 15.0
867 0.0001 547.5 52.5 15.0 15.0
868 0.0001 547.5 67.5 15.0 15.0
869 0.0001 547.5 82.5 15.0 15.0
870 0.0001 547.5 97.5 15.0 15.0
871 0.0001 547.5 112.5 15.0 15.0
872 0.0001 547.5 127.5 15.0 15.0
873 0.0001 547.5 142.5 15.0 15.0
874 0.0001 547.5 157.5 15.0 15.0
875 0.0001 547.5 172.5 15.0 15.0
876 0.0001 547.5 187.5 15.0 15.0
877 0.0001 547.5 202.5 15.0 15.0
878 0.0001 547.5 217.5 15.0 15.0
879 0.0001 547.5 232.5 15.0 15.0
880 0.0001 547.5 247.5 15.0 15.0
881 0.0001 547.5 262.5 15.0 15.0
882 0.0001 547.5 277.5 15.0 15.0
883 0.0001 547.5 292.5 15.0 15.0
884 0.0001 547.5 307.5 15.0 15.0
885 0.0001 547.5 322.5 15.0 15.0
886 0.0001 547.5 337.5 15.0 15.0
887 0.0001 547.5 352.5 15.0 15.0
888 0.0001 562.5 7.5 15.0 15.0
889 0.0001 562.5 22.5 15.0 15.0
890 0.0001 562.5 37.5 15.0 15.0
891 0.0001 562.5 52.5 15.0 15.0
892 0.0001 562.5 67.5 15.0 15.0
893 0.0001 562.5 82.5 15.0 15.0
894 0.0001 562.5 97.5 15.0 15.0
895 0.0001 562.5 112.5 15.0 15.0
896 0.0001 562.5 127.5 15.0 15.0
897 0.0001 562.5 142.5 15.0 15.0
898 0.0001 562.5 157.5 15.0 15.0
899 0.0001 562.5 172.5 15.0 15.0
900 0.0001 562.5 187.5 15.0 15.0
901 0.0001 562.5 202.5 15.0 15.0
902 0.0001 562.5 217.5 15.0 15.0
903 0.0001 562.5 232.5 15.0 15.0
904 0.0001 562.5 247.5 15.0 15.0
905 0.0001 562.5 262.5 15.0 15.0
906 0.0001 562.5 277.5 15.0 15.0
907 0.0001 562.5 292.5 15.0 15.0
908 0.0001 562.5 307.5 15.0 15.0
909 0.0001 562.5 322.5 15.0 15.0
910 0.0001 562.5 337.5 15.0 15.0
911 0.0001 562.5 352.5 15.0 15.0
912 0.0001 577.5 7.5 15.0 15.0
913 0.0001 577.5 22.5 15.0 15.0
914 0.0001 577.5 37.5 15.0 15.0
915 0.0001 577.5 52.5 15.0 15.0
916 0.0001 577.5 67.5 15.0 15.0
917 0.0001 577.5 82.5 15.0 15.0
918 0.0001 577.5 97.5 15.0 15.0
919 0.0001 577.5 112.5 15.0 15.0
920 0.0001 577.5 127.5 15.0 15.0
921 0.0001 577.5 142.5 15.0 15.0
922 0.0001 577.5 157.5 15.0 15.0
923 0.0001 577.5 172.5 15.0 15.0
924 0.0001 577.5 187.5 15.0 15.0
925 0.0001 577.5 202.5 15.0 15.0
926 0.0001 577.5 217.5 15.0 15.0
927 0.0001 577.5 232.5 15.0 15.0
928 0.0001 577.5 247.5 15.0 15.0
929 0.0001 577.5 262.5 15.0 15.0
930 0.0001 577.5 277.5 15.0 15.0
931 0.0001 577.5 292.5 15.0 15.0
932 0.0001 577.5 307.5 15.0 15.0
933 0.0001 577.5 322.5 15.0 15.0
934 0.0001 577.5 337.5 15.0 15.0
935 0.0001 577.5 352.5 15.0 15.0
936 0.0001 592.5 7.5 15.0 15.0
937 0.0001 592.5 22.5 15.0 15.0
938 0.0001 592.5 37.5 15.0 15.0
939 0.0001 592.5 52.5 15.0 15.0
940 0.0001 592.5 67.5 15.0 15.0
941 0.0001 592.5 82.5 15.0 15.0
942 0.0001 592.5 97.5 15.0 15.0
943 0.0001 592.5 112.5 15.0 15.0
944 0.0001 592.5 127.5 15.0 15.0
945 0.0001 592.5 142.5 15.0 15.0
946 0.0001 592.5 157.5 15.0 15.0
947 0.0001 592.5 172.5 15.0 15.0
948 0.0001 592.5 187.5 15.0 15.0
949 0.0001 592.5 202.5 15.0 15.0
950 0.0001 592.5 217.5 15.0 15.0
951 0.0001 592.5 232.5 15.0 15.0
952 0.0001 592.5 247.5 15.0 15.0
953 0.0001 592.5 262.5 15.0 15.0
954 0.0001 592.5 277.5 15.0 15.0
955 0.0001 592.5 292.5 15.0 15.0
956 0.0001 592.5 307.5 15.0 15.0
957 0.0001 592.5 322.5 15.0 15.0
958 0.0001 592.5 337.5 15.0 15.0
959 0.0001 592.5 352.5 15.0 15.0
